{"items": [{"fbx": "Boolshelf", "name": "Boolshelf", "transform": [1.0, 0.0, 0.0, 0.0, 0.0, 1.0, 0.0, 0.0, 0.0, 0.0, 1.0, 0.0, 0.0, 0.0, 0.0, 1.0]}, {"fbx": "Book", "name": "Book", "transform": [1.0, 0.0, 0.0, 0.0, 0.0, 1.0, 0.0, 0.0, 0.0, 0.0, 1.0, 0.0, -0.5318265429334537, 1.5466263904259427, 0.11189657685434784, 1.0]}, {"fbx": "Book", "name": "Book1", "transform": [1.0, 0.0, 0.0, 0.0, 0.0, 1.0, 0.0, 0.0, 0.0, 0.0, 1.0, 0.0, -0.44431709808489045, 1.5485756146927805, 0.11189657685434784, 1.0]}, {"fbx": "Book", "name": "Book2", "transform": [1.0, 0.0, 0.0, 0.0, 0.0, 1.0, 0.0, 0.0, 0.0, 0.0, 1.0, 0.0, -0.3626533991294013, 1.5484774765196534, 0.11189657685434784, 1.0]}, {"fbx": "Book", "name": "Book3", "transform": [1.0, 0.0, 0.0, 0.0, 0.0, 1.0, 0.0, 0.0, 0.0, 0.0, 1.0, 0.0, -0.2795073609491153, 1.552381704240123, 0.11189657685434784, 1.0]}, {"fbx": "Book", "name": "Book4", "transform": [1.0, 0.0, 0.0, 0.0, 0.0, 1.0, 0.0, 0.0, 0.0, 0.0, 1.0, 0.0, -0.196678434070242, 1.5548132144592424, 0.11189657685434784, 1.0]}, {"fbx": "Book", "name": "Book5", "transform": [1.0, 0.0, 0.0, 0.0, 0.0, 1.0, 0.0, 0.0, 0.0, 0.0, 1.0, 0.0, -0.11378684073308126, 1.5568599204675675, 0.11189657685434784, 1.0]}, {"fbx": "Book", "name": "Book6", "transform": [1.0, 0.0, 0.0, 0.0, 0.0, 1.0, 0.0, 0.0, 0.0, 0.0, 1.0, 0.0, -0.030441739108912916, 1.5590491214173163, 0.11189657685434784, 1.0]}, {"fbx": "Book", "name": "Book7", "transform": [1.0, 0.0, 0.0, 0.0, 0.0, 1.0, 0.0, 0.0, 0.0, 0.0, 1.0, 0.0, 0.05470329039803001, 1.5608978701687015, 0.11189657685434784, 1.0]}, {"fbx": "Book", "name": "Book8", "transform": [0.8739719228623635, 0.48597641717295603, 0.0, 0.0, -0.48597641717295603, 0.8739719228623635, 0.0, 0.0, 0.0, 0.0, 1.0, 0.0, 0.3187896258763646, 1.5859329586720983, 0.11189657685434784, 1.0]}, {"fbx": "Book", "name": "Book9", "transform": [0.8347663808570602, 0.5506042947442432, 0.0, 0.0, -0.5506042947442432, 0.8347663808570602, 0.0, 0.0, 0.0, 0.0, 1.0, 0.0, 0.4398072751225561, 1.592210819982656, 0.11189657685434784, 1.0]}, {"fbx": "Book", "name": "Book10", "transform": [0.7, 0.0, 0.0, 0.0, 0.0, 0.7, 0.0, 0.0, 0.0, 0.0, 0.7, 0.0, -0.5596287235378069, 1.0809881374780168, 0.11189657685434784, 1.0]}, {"fbx": "Book", "name": "Book11", "transform": [0.7, 0.0, 0.0, 0.0, 0.0, 0.7, 0.0, 0.0, 0.0, 0.0, 0.7, 0.0, -0.5000922231230778, 1.078144563222718, 0.11189657685434784, 1.0]}, {"fbx": "Book", "name": "Book12", "transform": [0.7, 0.0, 0.0, 0.0, 0.0, 0.7, 0.0, 0.0, 0.0, 0.0, 0.7, 0.0, -0.4418032857239947, 1.0765633900457763, 0.11189657685434784, 1.0]}, {"fbx": "Book", "name": "Book13", "transform": [0.7, 0.0, 0.0, 0.0, 0.0, 0.7, 0.0, 0.0, 0.0, 0.0, 0.7, 0.0, -0.3826101611911592, 1.0755303564004624, 0.11189657685434784, 1.0]}, {"fbx": "Book", "name": "Book15", "transform": [0.7, 0.0, 0.0, 0.0, 0.0, 0.7, 0.0, 0.0, 0.0, 0.0, 0.7, 0.0, -0.3230827150858245, 1.0741815799993701, 0.11189657685434784, 1.0]}, {"fbx": "Book", "name": "Book16", "transform": [0.49472011887365214, -0.4952292438675643, 0.0, 0.0, 0.4952292438675643, 0.49472011887365214, 0.0, 0.0, 0.0, 0.0, 0.7, 0.0, -0.27426148221798213, 1.0894901649677213, 0.11189657685434784, 1.0]}, {"fbx": "Book", "name": "Book17", "transform": [0.6430963400170387, -0.2764545124549232, 0.0, 0.0, 0.2764545124549232, 0.6430963400170387, 0.0, 0.0, 0.0, 0.0, 0.7, 0.0, -0.11050703665016491, 1.0764732439979066, 0.11189657685434784, 1.0]}, {"fbx": "Book", "name": "Book18", "transform": [0.684990897794132, -0.1441786043044839, 0.0, 0.0, 0.1441786043044839, 0.684990897794132, 0.0, 0.0, 0.0, 0.0, 0.7, 0.0, -0.0016751169523537071, 1.0677272149196633, 0.11189657685434784, 1.0]}, {"fbx": "Book", "name": "Book19", "transform": [0.6837963896171608, -0.1497414356366863, 0.0, 0.0, 0.1497414356366863, 0.6837963896171608, 0.0, 0.0, 0.0, 0.0, 0.7, 0.0, 0.05664888135295923, 1.0665452925721814, 0.11189657685434784, 1.0]}, {"fbx": "Book", "name": "Book20", "transform": [0.6937599380893403, -0.09325850257362382, 0.0, 0.0, 0.09325850257362382, 0.6937599380893403, 0.0, 0.0, 0.0, 0.0, 0.7, 0.0, 0.13458470627503227, 1.0620413519689875, 0.11189657685434784, 1.0]}, {"fbx": "Book", "name": "Book21", "transform": [0.6969311089248007, -0.06547541074974228, 0.0, 0.0, 0.06547541074974228, 0.6969311089248007, 0.0, 0.0, 0.0, 0.0, 0.7, 0.0, 0.20242793281877305, 1.0594903340332378, 0.11189657685434784, 1.0]}, {"fbx": "Book", "name": "Book22", "transform": [0.6959942306378185, -0.07477988311619065, 0.0, 0.0, 0.07477988311619065, 0.6959942306378185, 0.0, 0.0, 0.0, 0.0, 0.7, 0.0, 0.2592225921435808, 1.0584840315785733, 0.11189657685434784, 1.0]}, {"fbx": "Book", "name": "Book23", "transform": [0.696223812352232, -0.07261131532842564, 0.0, 0.0, 0.07261131532842564, 0.696223812352232, 0.0, 0.0, 0.0, 0.0, 0.7, 0.0, 0.3158889048474808, 1.0569674589796385, 0.11189657685434784, 1.0]}, {"fbx": "Book", "name": "Book24", "transform": [0.6963584507542309, -0.07130854130584444, 0.0, 0.0, 0.07130854130584444, 0.6963584507542309, 0.0, 0.0, 0.0, 0.0, 0.7, 0.0, 0.3733004507312416, 1.056685319446543, 0.11189657685434784, 1.0]}, {"fbx": "Book", "name": "Book25", "transform": [0.6963650806997471, -0.07124376732061992, 0.0, 0.0, 0.07124376732061992, 0.6963650806997471, 0.0, 0.0, 0.0, 0.0, 0.7, 0.0, 0.43176301189511246, 1.0531220735510107, 0.11189657685434784, 1.0]}, {"fbx": "Book", "name": "Book26", "transform": [0.6960470492041716, 0.07428664277086022, 0.0, 0.0, -0.07428664277086022, 0.6960470492041716, 0.0, 0.0, 0.0, 0.0, 0.7, 0.0, 0.5434455170870686, 1.049407982250589, 0.11189657685434784, 1.0]}, {"fbx": "Book", "name": "Book28", "transform": [-0.02730102755044106, -0.9996272574788514, 0.0, 0.0, 0.17358345160739214, -0.004740773682568644, -0.9848077530122084, 0.0, 0.984440673287504, -0.02688626359687446, 0.17364817766692864, 0.0, -0.35091635529104176, 0.5726895190511923, 0.2717309261918228, 1.0]}, {"fbx": "Book", "name": "Book29", "transform": [-0.027301027550440393, -0.9996272574788515, 5.551115123125783e-17, 0.0, 0.2700474555858693, -0.007375322121037975, -0.9628187661004581, 0.0, 0.9624598826061728, -0.026285941659389633, 0.2701481512888644, 0.0, -0.38226309427117694, 0.6555399944238353, 0.3310776705563614, 1.0]}, {"fbx": "Book", "name": "Book30", "transform": [-0.027301027550439283, -0.9996272574788516, 5.551115123125783e-17, 0.0, 0.24025529361463444, -0.006561662200623708, -0.9706875596603219, 0.0, 0.9703257431320866, -0.02650076780915489, 0.24034488037128898, 0.0, -0.36241134793563773, 0.7406072484339845, 0.2658932705906958, 1.0]}, {"fbx": "Book", "name": "Book31", "transform": [-0.027301027550440615, -0.9996272574788516, 5.551115123125783e-17, 0.0, 0.17435229288752035, -0.00476177166638081, -0.9846718252775701, 0.0, 0.9843047962189122, -0.026882552630045575, 0.17441730563375413, 0.0, -0.3651970627033328, 0.8223592142185016, 0.2717309261918228, 1.0]}, {"fbx": "Book", "name": "Book32", "transform": [-0.01018522514482778, -0.9996272574788515, 0.02532996829960954, 0.0, 0.37293206856466765, -0.02730102755044328, -0.9274569133554227, 0.0, 0.9278027448896815, -1.0547118733938987e-15, 0.3730711280375001, 0.0, -0.4050488016955625, 0.9064049541906672, 0.32742837951366766, 1.0]}, {"fbx": "Book", "name": "Book34", "transform": [0.6992565355102818, -0.03225364392061825, 0.0, 0.0, 0.03225364392061825, 0.6992565355102818, 0.0, 0.0, 0.0, 0.0, 0.7, 0.0, 0.11780173089712549, 0.5177584710292975, 0.11189657685434784, 1.0]}, {"fbx": "Book", "name": "Book35", "transform": [0.6992565355102818, -0.03225364392061825, 0.0, 0.0, 0.03225364392061825, 0.6992565355102818, 0.0, 0.0, 0.0, 0.0, 0.7, 0.0, 0.05826523048239636, 0.5206020452845963, 0.11189657685434784, 1.0]}, {"fbx": "Book", "name": "Book36", "transform": [0.6992565355102818, -0.03225364392061825, 0.0, 0.0, 0.03225364392061825, 0.6992565355102818, 0.0, 0.0, 0.0, 0.0, 0.7, 0.0, 0.23375190484154063, 0.5118014417234362, 0.11189657685434784, 1.0]}, {"fbx": "Book", "name": "Book37", "transform": [0.6992565355102818, -0.03225364392061825, 0.0, 0.0, 0.03225364392061825, 0.6992565355102818, 0.0, 0.0, 0.0, 0.0, 0.7, 0.0, 0.1742154044268115, 0.514645015978735, 0.11189657685434784, 1.0]}, {"fbx": "Book", "name": "Book38", "transform": [0.6992565355102818, -0.03225364392061825, 0.0, 0.0, 0.03225364392061825, 0.6992565355102818, 0.0, 0.0, 0.0, 0.0, 0.7, 0.0, 0.35010826656347716, 0.5089779828826476, 0.11189657685434784, 1.0]}, {"fbx": "Book", "name": "Book39", "transform": [0.6992565355102818, -0.03225364392061825, 0.0, 0.0, 0.03225364392061825, 0.6992565355102818, 0.0, 0.0, 0.0, 0.0, 0.7, 0.0, 0.290571766148748, 0.5118215571379464, 0.11189657685434784, 1.0]}, {"fbx": "Book", "name": "Book40", "transform": [0.6992565355102818, -0.03225364392061825, 0.0, 0.0, 0.03225364392061825, 0.6992565355102818, 0.0, 0.0, 0.0, 0.0, 0.7, 0.0, 0.46643477080396645, 0.5055898322737014, 0.11189657685434784, 1.0]}, {"fbx": "Book", "name": "Book41", "transform": [0.6992565355102818, -0.03225364392061825, 0.0, 0.0, 0.03225364392061825, 0.6992565355102818, 0.0, 0.0, 0.0, 0.0, 0.7, 0.0, 0.4068982703892373, 0.5084334065290002, 0.11189657685434784, 1.0]}, {"fbx": "Book", "name": "Book42", "transform": [0.6992565355102818, -0.03225364392061825, 0.0, 0.0, 0.03225364392061825, 0.6992565355102818, 0.0, 0.0, 0.0, 0.0, 0.7, 0.0, 0.5266629136681232, 0.5055898322737014, 0.11189657685434784, 1.0]}, {"fbx": "Book", "name": "Book43", "transform": [-0.02730102755044239, -0.9495170302026364, -0.31252530017560987, 0.0, 0.173583451607392, 0.30338897925048736, -0.9369225755618291, 0.0, 0.9844406732875037, -0.07982816936716365, 0.15653761258155596, 0.0, -0.3635837440450915, 0.04902889055876101, 0.5997233632796729, 1.0]}, {"fbx": "Book", "name": "Book44", "transform": [-0.02507134374088915, -0.9537545961123151, 0.29953897595748874, 0.0, -0.2303962082595603, -0.28605428337868033, -0.9301024320903193, 0.0, 0.9727738765728877, -0.0923315620757303, -0.2125696772872654, 0.0, -0.3927952448120176, 0.2701051270660526, 0.25680354275336353, 1.0]}, {"fbx": "Book", "name": "Book45", "transform": [0.5875677904740871, 0.3804787662897881, 0.0, 0.0, -0.3804787662897881, 0.5875677904740871, 0.0, 0.0, 0.0, 0.0, 0.7, 0.0, -0.17737409880706856, 0.12276703205978748, -0.04989998979964999, 1.0]}, {"fbx": "Book", "name": "Book46", "transform": [0.5875677904740871, 0.3804787662897881, 0.0, 0.0, -0.3804787662897881, 0.5875677904740871, 0.0, 0.0, 0.0, 0.0, 0.7, 0.0, -0.10814029044254318, 0.12276703205978748, -0.03884593098503625, 1.0]}, {"fbx": "Book", "name": "Book47", "transform": [0.5875677904740871, 0.3804787662897881, 0.0, 0.0, -0.3804787662897881, 0.5875677904740871, 0.0, 0.0, 0.0, 0.0, 0.7, 0.0, -0.03948122257308196, 0.12276703205978748, -0.006953881097499309, 1.0]}, {"fbx": "Book", "name": "Book48", "transform": [0.5241770581518582, 0.4639379394997389, 0.0, 0.0, -0.4639379394997389, 0.5241770581518582, 0.0, 0.0, 0.0, 0.0, 0.7, 0.0, 0.0755649546834492, 0.12461269265748584, 0.023333443020503955, 1.0]}, {"fbx": "Book", "name": "Book49", "transform": [0.4504786541029288, 0.5357881878108306, 0.0, 0.0, -0.5357881878108306, 0.4504786541029288, 0.0, 0.0, 0.0, 0.0, 0.7, 0.0, 0.20045465512770488, 0.12891923405211536, 0.04651987881175325, 1.0]}, {"fbx": "Book", "name": "Book50", "transform": [0.4504786541029288, 0.5357881878108306, 0.0, 0.0, -0.5357881878108306, 0.4504786541029288, 0.0, 0.0, 0.0, 0.0, 0.7, 0.0, 0.2921716153323881, 0.12813847995642377, 0.04651987881175325, 1.0]}, {"fbx": "Book", "name": "Book52", "transform": [0.0002505047116749148, 0.6999900630989428, -0.0037213989476440833, 0.0, -0.047013200163368574, 0.0037298207380646593, 0.6984095127127501, 0.0, 0.6984194271766705, 1.942890293094024e-16, 0.04701386755215448, 0.0, 0.4158279314941253, 0.1344301828976523, 0.05824722743299782, 1.0]}, {"fbx": "Book", "name": "Book53", "transform": [-7.984162519487636e-05, 0.6999900630989428, -0.0037289660836460734, 0.0, 0.01498419044306598, 0.0037298207380644264, 0.6998296667575817, 0.0, 0.6998396013816888, 5.051514762044462e-16, -0.01498440315525391, 0.0, 0.412752445450558, 0.1899269985349386, 0.05250684097711422, 1.0]}, {"fbx": "Book", "name": "Book54", "transform": [-3.4314045736150155e-05, 0.6999900630989427, -0.0037296628915173264, 0.0, 0.006439851329757201, 0.0037298207380645817, 0.6999604394193378, 0.0, 0.6999703758998639, 4.2743586448068523e-16, -0.006439942748434157, 0.0, 0.4365462037597303, 0.24584864967037762, 0.05043523687623486, 1.0]}, {"fbx": "Book", "name": "Book55", "transform": [0.00014162363336982508, 0.6999900630989427, -0.0037271309991157684, 0.0, -0.026579061842544487, 0.0037298207380648926, 0.6994852692579252, 0.0, 0.6994951989930429, -2.3314683517128283e-16, 0.026579439152911687, 0.0, 0.460815871569758, 0.3012731010562809, 0.04085740077635103, 1.0]}, {"fbx": "Book", "name": "Book56", "transform": [-5.098831912226931e-05, 0.6999900630989427, -0.003729472205207012, 0.0, 0.009569177509247703, 0.0037298207380648926, 0.6999246525727311, 0.0, 0.6999345885452352, -6.217248937900875e-16, -0.009569313351133356, 0.0, 0.46717513718707565, 0.3566725847420466, 0.03828968464524607, 1.0]}], "name": "Bookshelf"}